$ANSIBLE_VAULT;1.1;AES256
35393739343432666462623139643731643137323135623035313430343233376237646261653436
3237393330333338653763366537653835343837643664650a333331653062636365346234323336
61336233383237316530643838663339633666623137616135636232393338346336363462636534
3634326236326166390a656132623137313261343137316636663463383064393562316465346536
34323038306663363065656462303437356265373236666362616131623237613930616130376637
64626334343439346534346432323538323563323430366666393461363434316334663262613430
30633233613134346436653065376238646639353930303735613736666336666330643236366435
30376230316636616237373334303331616535623433303764616338363063623265353536383537
39613436356330313534336535366466653838653936316238353266376336386662636661636630
61366434633462376235363031316531303534393931643838313834643733653531346139633735
39326662323431316465393837623735653536343566646531333432656434326230613933303937
36373466346438613565306631386235326566396430383065333834636431666230646665626564
62656561343231373361633731643033333236313939333564306234396363626538666131653262
34346564653338616231653338373062303339616639663533303435653531383433303566396663
61646432663662613261653530373431386133313739303065393534303330353737386637333438
39353532323937376564373765316439383465313661613935316631396536636262383766303638
39323230643533663132373836353937613139363036613663633361663232643430303535363665
38353936626532323230653236636230356461303632373034613937323661326531636165383362
38323132326131393866373835303663343338623931343235376465303635333435336265653563
64623533636637333166353935613564353237666435333932343662656236363837626332396661
37313338656536653565323465373262666233636164626438366262323530373966356238633131
32643139666534633332373435343433373433346533653464656439343763643730613931323230
33346634346437366532353964663665343663343938323235313234663838373264316134656562
35396139386438663966663239663562363533363937623963616363353436306232366537663837
63656438346130663962366639373734336463336539643364613564393664633135613838633138
38326432363138396265366232623965333531653830666230373063663130326562383836646437
66336233343161646635643532353936393030323963316430363734346466333237366263383233
61616364653436316433306632623433356562663831343631663765343238346664396333316165
62323538643063316565373231313635303362363138323634306638363731356434643064383937
32333830653938356437396634356662653763363962373731356134386532346339313164386237
35313435663836663234373137633534363331633739323035663334653834313237323165326561
30353035373661643163373933316137366562363333343130633931323236626463633964633566
38306634613536623534323965653631643835333736393862303433626262653763643938643436
66643339393331663062346563373538663632656235633735376665626164613763623561303730
34383832343636663466353566306632613961343565666431386565353732313930643737393431
66646130366566396261393334663730306232363535376138343766633833386435323965353439
64623435376162306139353162653937323832376135386230386434633530396330656636326262
31396564613463356339306636333132626434353635383732313965333765346136323764663734
33363363623963633434396461373237376335373664373231383337613765363039623262623635
37363663363931623166646339663864656337356633323530393035383766336436373063336436
66613831346131306662663965646362373930363036623331396562316239323235343261643234
38306130363562646365383732366338623835626661316663363634376337306532313366323138
66336462383161346134313965653732376533346436626434316265663261353031613230373236
64393133626565366230626364343830646332633932303335313733666461363865316631313631
61313763323364373930663036303665333037633736323138353130373634313234343638333331
62386137306232323332643164396464346132353830653633393131643234323735613132373732
38376161366339376135383064623332666535313464623138343933626461333566653062353165
64326362376636346665316638626264623938333831313532663238333563303363653963663836
33613230323537386233353164616538336533306430666166376636353432363430663939613633
64643966633239643037363766633535363739666564393830656464363234373835323266623033
33346130373336353966613536396639653637376463363565306236316132373332633165636261
34616462643533333061666265336565666232323036663862393335643364303564623363343231
30373838653335613739633433366339383139663031393365303839393361633130313331633664
63323834333035353364333232363032616131366533636338363964633337653662616332313163
30376161343337643065633633313738613965393438353538643663386365626430333332373963
66623438386166303865653065306531386233313662653832633939336662373465386438616261
66653137373534373236333633386664303131643731313338333965373533373831316135333861
65616461316337303364613063643566313738306338386366303062353831356539613636633861
30363033613561373536303164303435656161643838386562336135363932616661343163313532
31323637636665343838326462613732393733636536653561613432656434326662663036346230
35356635643334323530373064643765623237653437373463396333376631316161616632623635
30393436636261636666633738666362346236656461613739303032373737393363303531623538
61653562303531333631383261346163333366663239356332386436666137376336336337376530
65356166343636623462373530666638383134643430353936653737393033336138393935303331
35323662393336313730353837303232383162383261363338313036613366666139626436616666
63373361633363306230646235373330323631363165393434303032356137393536366133626339
36343066636462383962646233376161363463616364613233626361386637663838643162363031
36646465383037353039643261366261633061373466393439306531636366633233323365353861
37646536653530663236376630336238376233383663363662353961343566346465633832663066
35633830613435626561316539306534623463333535363732613965623339666463643436663136
65383962346436393834663564383035373939353863643666633733323362393063313833303136
32366132333036643638663735373762663066353763316566636332363366333963623165613161
34306263376535653736313135636536303935326337643265663164326662316535636463353766
32653230626538616531633134303634386536656134393764383430356438626264363766646364
64343261656331623762393061666335373961393339323234383362323037666165333362623062
34636365323962626434316132333164366339636232336630626564313038613237333462633930
61323139383363353964346162303837643836643566356464613130383833353138343063633834
32353237393034313536333234376538353164646431393537663438383339383334623966653032
61333230323662383135383263306434313565643239396531373162313734623232323564653763
33306138366531666535643238623536303562343434653139306533616163313861306565613931
62626136656331336465396465353636373062353066653232636362653763306431653262353233
33326638633131356637303361396230313438366263623562626231383962643934646366656332
37376339653766616435633437623338633733353961623733336332333964373264636338363062
32373433343764623631373639333666613563666365663061313831306161316636346266613939
35366165333033383063323863653137303734316137643936333234373864666432623965363332
34386538386465376138376664366233366461336461623538393136386534333032356331656631
34323334323033356263366263633964643933663938646531386264333264643537303237373163
33316563643864323535363938646536653635613163626465393466616236316636346438306432
66356333643262366136656234656439663231323037373035653261366266323531636262383565
64393363626236316561633765376566303038376165346563323161393738363762353764326363
66396566313336323631383262363038383137663864616366616436393566353831626536666665
39386335356635633634343333626465313662373330363362643535653366313237346533633763
39303266653438393037303639643332643833373438376466636335376231656330313936623731
34393539643965643632613832653539306337633532313732663635353539316430366336613063
65616336316338623963343030373631386166393032373732623363643736386661303335366364
39323738306461323837356561323737623736623066613961393762346466353433346235633539
30303664613265353236313936393430663832346563306364643238316134653030623332306662
30326639383936333838646534663137616662643066623665383630653765613838306564343065
64353834363731653765383438383237343961363438663332316331656130626632396230376365
65393338386233636230633736623234333335336634626139663331376666323938626563643236
32643531353162663166373535326632383638613063373831633966343062336565323163353130
30363034643462623833376366336362646439626433393661373063653664313434373366623065
64636631303332393862623566656136633338613662373635636661656361346535386534303963
66646439646564386335373237303831383430613339383439653230346566373034663766373461
66663332653536633533343762313333343666656566633535323864386431393638663538653331
61663361653938303034343565343366343833303762383163643032656161623338366663376638
37376564383734633163633365313537333264633337336336373632353934633862663161363833
39633437613762643535313132316534336131653938303965393261373664393363316363653432
33653064313464356365626339663738383530616666623730666136353037303562623463393331
35363431623931376535346631363933633661633335633862663565376334373635623337303431
62613761633465316261323661366362313937336237343931646132633363623232306536613863
37336634393666663464623666626163646462323833643435653237356436313464356366636534
30333036623161633430626632356166316662633064313665333734626333326138623166383335
62323633333536303166656535663836366438373738356139373930343536663362383737393337
38363664613062643131613439323166336163663936396532373936373834323235333063333133
65393264373238333063633262623832656330616439626236386139306666633335346535336234
34393634316666313430393431663863633463373365366638323231636162646130386335353162
33633331326332303732316530393939303963306237636432373665623538633130643332353061
62613033636262616538646664633335373166306466643962656134663865313564383930366164
38623038316534326665356564396365643464356163643336386232663537373363653337616638
65646630323539623037346265383938386437643266636535616364373439663832303364356665
38633763616361313862613164393166653232363734326362353531633031653661353730386131
66383166366634323161313234323535386334303563656531626334333236666464386437373865
65393930306239636335396533663731346464646136313139666138643132343932326233396463
39323334313132346661346637643631613931323539363435663965323363616331336636336339
34636464386334666635323231376339313336643838653731366233323132613831363533646631
66343330643135643534653131626238656433623234333430386234613764653664363938373435
38333436396431373462616238373033646262323163666461376563643161356237623437646461
65373835343033303831353766373237333761663465373238373233396661643364383336373335
66383632306133626664633766653533663932633963646535353765353832336565376438626137
34373239373763306461346634663830393565393066326462343365646465313833363134653432
65636239656264626638633861353466623434343863373663366339663936666661333938343361
63363963636132363438333861336336313237363437373038333830666433323263643263343936
61333334396264656533323663376538623361623735333436383639616533626637616465373331
63663664333430643564666236353730636266623461393261323435323230653066326564366436
63623464346232383234666339313762613133623239313661653237396562323239306533666633
31663362636632636165643033653131386561333232323230663863643530383535303135313732
63623864623735653364626234336463623864383264396637653435323334383836363733393437
39356666393136346661343439343432656331323665376565393765356434356131353265333463
35353337343863616135613633666161373164363431663235323739323732646465643938366132
39643230383764343535636236393062643036663436373837366262663961656663386365333532
34386135336630396365333733393263303864613366303761366638356565326131373239633961
31636333623532356335323461373738383036626462376232616163316630373837343062356238
65343338653761353933656164313339376466313738333339373766653961633832366536343164
38376361646430383438363736346337366461346430363663643632633366656331306434366533
37356532386363353533343163353365653864373065336662343866656535363662393037356662
32613131343631623665626663653164303864646463646434393063383538396266656533323637
32666363313035643332393836306263363135363534303165343332366437386233383865636236
37313534623635653564353932343734373165633730623166316434383061623935663663336366
62376365323661613139373635366561366630656434633837363631636632303438313533326432
61373465666561393135616133363438303165666638633135373562613237633036373065626666
65363666356633343735346339646135616430306165346131353665393836353630323366383934
32393261306565663833373562363838653731653863393363656637353639666462396636303864
64636138643537633963346262323238326332666435383861636162333637653533623838613563
32643536363130623962323730303633386163343464613061343930373764306533366231326263
31353532323565343431666663323534623931653061333531366133373162336162616637326238
36633434363334306133633634353830353962356136393434323263306465383363666532303765
64326266303562646563383661623065333261303838303335323830313964353966313735313738
33626631663661623862326364363635396535326331326265633864636566396364653332363833
62626439386361383837373636333364393434666134343437393338393733323761626537633131
37666133646633366336623039396434393665666534316134623434636231303638386538633636
63613639303964633036313163616664643339636632653234373533636666393363346237346538
37353638666366383730303162383334353134346138353430636463633862323131353130613836
61643162653531363361306230646633653366386435663036396138326463363061336234626637
62346331366631396335376630333539346663356330363438616138313933393666666263376163
33383537356332386165653366363736343365633464386663383532323162636230643937633663
63353961316561643165303030376131613036393361396137333562663465646163653533373164
64633138383636313930653661313434653738393466633235633336393230633061663762333562
37633764633038383031623833666131633436343731366434626465633065613038656461623137
35383432616336306232303639643035653364343264636361303762663133343366386461353833
30353136653163656138356565613064643138306162363336373666356437303564336639313439
38626134396532616437376531393930353966666337366133383830373130396534336462333538
64343938623837336634376537313934336430623237626161353334653761393036343532656132
35616462303333626266313861623265313462303830303435326535383033666338356136623232
33333339643031643834396263373261303063306231633064373437356432336663646332396563
32633332383730613366646132613430633531663364663637613065636637396638623437666265
31346131613862393963316666313135636461336439643637353538663664646266356462356333
61306335333032633430333534396137346433613933363163316333353736373463316639306564
33626332636235623338353332313964346561313963313330636132353661313239646139323166
30343233643233653337383565346336306130386364383033646562653333313336356333623435
39316164616239373139663336346266366334636332363266633162383033623764393336633733
66333664636632386436323935313936313830326630666237393761383231333363333937303235
34366438666265396166363563313965366166646435306636656438336336633531636436353639
33306638316162613133333664356665323337393333343433346536666135383138393936396161
30376464656130306134636237353835623463303132353732343639303033333337393661323832
38393461653766636638323433653562366437396331633166343561616133393034373938373931
38613939633437386231353665393930356536393035303530653937613030363565643262343335
38343133386466353535666665303237626430343966366561376361353438613731366463633862
30303932366233643035643637353065646663333865666335616234626639643430393834633938
34336465313265346164383236343361623137643461303962376166336336643338613239376434
36326138333232643561633061346265386133393932316531616339383730373734333531663234
33643963613839343831656339366565613239316536643835313637363337636437363533636463
38393335343661323764316363353465623738316363393961666634313764633365313466363338
62353239336135666131373839306262333735393332303330643865613565316565373163646432
34613234353238653862643362623761353831336539643666626663616330306461396331393231
38303035643032356534333766643464613364326539313563643436333030333835623166656331
62623764363133356331333838323266653836376535343431653762623439386162303065613332
65666432633431623535373033326633346238623931323436636230306561343362303736643862
61363465383039613534626666363362366235636230616436303833613236643331346436373737
36393361366238343233663564313638663336333262373339393834643464316266373131633931
61343461363564393231353733396362386166643231656363353436373533663630313065316264
34363639363932396461616264353537626336353139623564396666373638346539643332333261
64373834653238356563623335356232356263383762643734643538366130623565613761363435
63353931303066666536376439316564306135626633643431386262376336393433376430373830
33373061396635353565396466636664366230386634643234616535623765366339623134393436
35333837623664643431373634353131633934313039366461656238663263386538316137613331
36666138353765306530663733643536616233666562396564353936353063373361616436663566
30646532626239373961356163326539636138633738633830643066326465346437636636343364
38383638393836313139636431306537623233663630323330306433356466666531366135346339
63616138376365623533343635623136393663633832346364626438356238626236613463376664
37343138313539633863333338343337316463666165643837656630323962333031333666333066
35393433313333663936623737373066303036663663343966303134333366346263343162623133
64343234343531393162383633316639633736386563313232363864376437376566346564333965
32613632386662326131376430303964336335326463616634346531336262313139326633646438
61356361303434386234343466373865623832303964363964353138313864643636666432363035
35393666623538636362373232633534316363653265393262356538373633333962333762383937
36383963366462343830646130643064396236393836313135613436313037633561336130356430
61303736663262616337636535643664363437616630323135393239653033373837323961376538
34376563373862633031613134366564623935363265353331646165316439316663666265333832
35366632396136363934333036343530353664333337383137636632613032346232363930383338
34643763323365636361313736663733666234323839613161393034386632333238636531346531
63633838356639663338663233376531313139363233373730366165366438616162646462616162
35346434373631613635323137613661376465303763356135316366336462373039616533303831
37343832356661323937656563323464623230376539663730323438656635333338346362653438
61343166303933613939363938636239373738623636306437306364666132336464626233366636
30616631613331633436366365396336623831616363346562306665323761353962623162336335
33313766393738613638643661666431633638353363313365636166303338633330643834343834
37663264623062643730653361616231666666396238363066323263626363613531653566333239
64396236306635316630383761656663656465373231663531346261383837663634313863346638
61363633336131343033666163626165323338626134373133376439626463333739326233636432
35353065343161383839303630623164313737663636393332623062646664313633373566336361
35373264646538383861303565333962346664356636326662313032623131396563366331616630
38336662643035643938383231613738623366373165643262323135626536653030353935313139
63303761653137336666643339373439323938396130373035613538666266373331633233336234
34353038373637383938633935376561363233646337336139366462613033663330656363333236
31316537613339623866656337346634626663376665643636343663316462656632653338626638
62616133333831303037626434363962373761626664643331663838633139613632653835376362
63663736623063656430666339643261326565303539643734353437613263656161393761613431
62323337356633343133326136323465636533323362633638316431376263303863616235326362
35356632396564656531313639383061373965306636393166336231333538616638343734386634
64353534333033366464306437336330303265633435656635643331366236316132326666353662
35636638653965356339346135323364643634383665653236643330323664653361616264613636
37313938373837326566333534366662363163646463663563633535383761653261326135663739
38633537373764316461323133356561383063316430633531653331613237613334333837383932
32373662363938643732326135613537656662656662396462613161306162626639633066636262
32636630383938343537313837383038623234656363623634643537653436333964313238373035
39613030636462333035623637363662333238376436333633373030633864386365393239316661
37306530356461333933643264373534326430313232343163353539313534323031333564303532
39386264366263323434633765393932666531643964363535666365313239393335646365376161
34343331373632393566613138363361373932333632643466653863353837613536623839333533
63333530323237323036336231653262663164376132326531666231356438356164643231316534
37663135326465623935356661313361303232663335393931396537663061376138356332613964
30646362656330323663386366366330613764326238373664363132363334323561366134366461
64316532303932666165616437643431383834616236323962323231356335656564303532636366
32356166356232356263393734643363336538393131643535376265336261373333336535663431
34313962616162323536383765373732373033336531373232323233656461366432363836336435
33656338643162353438333566613439376239343931643636666133333338663438616264613032
37633533613432333939663436613730613463323236353261356239623230666333316461653739
36313939373965383335373338313032363863343866363538363763333963663164623537353638
62633838346634303439643935653637626234356438313661656366656336313732656134376465
31663362656138353963643865653466383834663435376232356237333166636564303637613164
64363739663739616335623738343631383561656338613939393839656162363737373131626162
64653665386162306333313266356238386136346234336362663561626165663235336534346363
64373738633361353565346536366334646630626239303932303538353039633031383039663234
36613632353430393163323738666634363639626131373666363766623935393735326235613130
64633631626530306366313266303739346139316330343439346236346134323835303966393361
35346533616632316233363066336461623333663036626637373339313861363433363466626166
64303037353766346437626461353932623237323737343961336663396261613565653236663965
35316134363337386264353964326331323064326131383236383239663762616237373638653736
35306166666664396331616337653634376233303364356264303333663465303736663737623937
35353832663564356362623937613162353435336263343464313335326334303934623131333433
61393232373764343234636665393239346535326635393264346161633663636137366338376461
61653634633830623334623435366230383765323434306562343662613463626666656439626633
39323965623330643234653166656438386666373135333861323535393538303037376262663131
31626263316438353132326439383238613034363233663138363864386565656131346162636238
31616634626538343735636438633033613934616135366561316537363463306638633063653135
36393135316562303539373933303339663863323332613162373565326563376333663166633331
63326662616632343362643530393163346136306531396464353833313132393538643761353865
65633262663662363938376335313263316534303535336635616661376536386163616330636466
36393636383662336262316539656233303732393831643366306361613833653239356333633836
33343462366335633036666632663665333832313465633866346533643364376564653939353065
64316164313534303038623565356437313361616565666635613538313566316130323065383433
36343061333035366634636137333938646133656235313039393931346432666536396232333561
65383337343530366365376636383338636130336530633035623563663965316638303131393732
38353730333061343733396136363136386336616663393665663665303938336639303066306130
39313538346335653566316134393831396365386661373431383137313134653830316132643332
34346464636436376331643865646336303033356439666230643432613334353865353964613132
38373536373939316237343063616532316432626362353437643631383133383837643034663566
37353338323331363766663137663465393063306366643439373637396637663531336335316531
36353039303361386338633030396265343462396639323331636662656630393964323630363031
66336161386636343132356235376338393264633139653438393533383131666265643464303766
62353066386465373236303361623838346139643333633364333761646566613430623532343561
61383134643834346364353836343231323066383135363064656233373037616138333263303366
37343835643032333633343761336132613337356137353431656264323838353962666463396331
30373232353765313533306338366535636333666238313734366332383964646535396632626235
33313062366664316163356363313963373539666366343762316563656430363130333065316239
35613732656237613037316639386263613934373631643332336631383937613835653734303538
31616635303834383266303730313861636533386439346631623730646665393932656638643234
65643164363563633039356233316362343239626563393133613065626636653361656237346531
32613035663530333930383138356238643965643837353735363866656432666530646134653663
63626362353437626462323632643937376130366338383263653164666165613137356464663562
37663765326664626462623837383166366631303764656630326262346630323236333564393665
64663461666633373438396138623132333934613564376535613738653666396666303736646565
62323735376162653539376366636466356162643130373366313338626461613939316464666362
66366636666164363931336364616432363565663232306262666561643534363838326436386136
63346238643736306362323931323233613736653133346161366437316332313063623335656363
34313030303038613836636535336538383764663961323537386534393465643530633035353334
63396466663137396163316230306134313330323136613635343462383738373235373531343361
39633633393433356436356531346363333630353963366334383965356334616639636230643234
3337666233353734356236636439306665353134303363646231
